# As_1e9 ns H0 omegab omegam w0pwa w DES_DZ_S1 DES_DZ_S2 DES_DZ_S3 DES_DZ_S4 DES_M1 DES_M2 DES_M3 DES_M4 DES_A1_1 DES_A1_2 DES_A2_1 DES_A2_2 DES_BTA_1
4.702232954800410480e-01 1.233136128766812271e-02 -5.329670249552006522e-01 -1.241876403733715127e-03 -1.605234873528006700e-02 1.867540150923613917e-01 1.674104549885851168e-01 2.136558523259233676e-04 1.305107660610118920e-03 3.605828665888037251e-04 -1.458488342467303620e-03 -2.981189330047667691e-05 1.030319917565493718e-04 1.364223133773746339e-05 -3.683782625559449105e-04 -1.353713309529936126e-01 8.856215973681208498e-02 2.457403013078161003e-01 3.161207272400601981e-02 9.457145406962770909e-03
1.233136128766812271e-02 3.225990352882479074e-03 -4.791436306000784046e-02 4.874438688621221610e-06 -9.061176044934804571e-04 -2.488946800743383619e-04 -7.122040618374665330e-03 2.891415550655149154e-05 2.026408759729157700e-05 1.272291693205732528e-05 -1.191276940923996162e-07 -2.398531561986534214e-06 4.924927964215018746e-06 4.639692319218114801e-06 -3.650140321291883365e-06 -5.500999208328330621e-03 6.849087921929804430e-03 1.301998787419614625e-02 4.319814797837285983e-04 1.142993158891371114e-03
-5.329670249552006522e-01 -4.791436306000784046e-02 1.001010820461016237e+02 2.644199199694792350e-04 -2.920388617138471865e-01 5.387552186269420895e-01 -8.291630619024329407e-01 3.099855786738401307e-03 1.010356290488453011e-02 2.071200584729462370e-03 -6.911010047270950592e-03 6.172129115338096002e-04 1.216504572158249144e-03 1.071792385431486437e-03 -2.103994698339754169e-03 -1.177943157549070863e+00 1.604382225828348218e+00 2.924650966583610234e+00 -7.362065428454592775e-01 1.955715611334852833e-01
-1.241876403733715127e-03 4.874438688621221610e-06 2.644199199694792350e-04 1.269401377911414264e-04 2.875127365278846016e-04 -2.756233175349881177e-04 5.886309991889955746e-04 -2.793709108851312621e-06 -1.032908504875533644e-05 -1.450745659491923351e-06 9.544011082036937184e-06 1.001434157542686372e-08 -7.848937328320586962e-07 -1.321935499519961255e-06 2.351879077224477814e-06 1.389393461596750675e-03 -2.294201531377366640e-03 -1.127229707716995676e-03 -1.370917943022348178e-04 -2.020189204067154593e-04
-1.605234873528006700e-02 -9.061176044934804571e-04 -2.920388617138471865e-01 2.875127365278846016e-04 2.801449790218900858e-03 -3.552798482601872768e-03 1.043924097059713806e-02 9.087683535477882784e-06 -1.165150604265187878e-04 -4.256801468059920085e-05 7.895375127232298531e-05 2.706821278656518262e-06 -1.211003920666629583e-05 -9.364401234469720109e-06 2.401321088018515249e-05 1.642959617698629485e-02 -1.652450123173251559e-02 -2.113701274809770807e-03 -6.685697379929249513e-03 -2.652082532352361029e-03
1.867540150923613917e-01 -2.488946800743374946e-04 5.387552186269422005e-01 -2.756233175349880092e-04 -3.552798482601872768e-03 2.002420514579460242e+00 -2.547859641953417742e-01 6.821901622120019677e-05 -5.153239022424888766e-04 -1.441141361808610582e-04 5.397415038159683771e-04 -5.720523565895217630e-06 -7.225900312122647659e-05 -5.259007425456016178e-07 1.697058603137732128e-04 -6.848598739904781553e-03 4.495587832035830012e-02 1.674155598710904136e-01 2.319091045733729164e-02 -2.083090016521571986e-03
1.674104549885851168e-01 -7.122040618374665330e-03 -8.291630619024329407e-01 5.886309991889955746e-04 1.043924097059713979e-02 -2.547859641953417742e-01 5.308397126891107876e-01 -3.259217632169762843e-04 5.813114640090274272e-04 5.350566738397570044e-04 -6.970430353756282629e-04 -1.252942136464273013e-05 1.157746169678364998e-05 1.811807414576566892e-04 -1.452427703176439172e-04 -7.727771232664031043e-02 1.610622341892868972e-02 5.643949670153199927e-01 -9.586284062219256608e-02 -3.251072593390245610e-03
2.136558523259233947e-04 2.891415550655149154e-05 3.099855786738401741e-03 -2.793709108851312621e-06 9.087683535477886172e-06 6.821901622120014256e-05 -3.259217632169762843e-04 2.419565587314261826e-04 4.732125105051558438e-05 -4.041395090580019940e-06 -7.708302485615007725e-06 -5.169186033343813257e-06 4.444385169437794961e-06 -1.665361888088130599e-06 -7.703689394542269219e-08 5.333179441124531392e-03 -6.669390029103068780e-03 -1.377246967672641174e-03 -9.226234240956849133e-04 -7.479055632666503249e-04
1.305107660610118920e-03 2.026408759729157022e-05 1.010356290488453011e-02 -1.032908504875533475e-05 -1.165150604265187878e-04 -5.153239022424887681e-04 5.813114640090274272e-04 4.732125105051558438e-05 1.384842419721193680e-04 1.680642516876501005e-05 1.305246184948487465e-05 2.467709739147285866e-06 -1.026899847664427638e-05 4.872746306680654502e-06 3.037145290297687052e-06 5.137627120996002793e-04 -1.175222245114508586e-06 -2.968040698179002265e-04 8.044215090731002315e-04 -2.715536042837975411e-04
3.605828665888036709e-04 1.272291693205732528e-05 2.071200584729462803e-03 -1.450745659491923562e-06 -4.256801468059920085e-05 -1.441141361808609227e-04 5.350566738397570044e-04 -4.041395090580019940e-06 1.680642516876501344e-05 1.078746745948249379e-04 3.006016627449458004e-05 -5.074653404850918124e-07 2.063499158320609526e-06 -6.827274730197259859e-06 5.519695040324633497e-06 -1.663139286968718213e-03 1.937287628895049962e-03 3.634259376477741595e-04 1.150391841140421161e-03 2.090509229055922122e-04
-1.458488342467303836e-03 -1.191276940924027793e-07 -6.911010047270950592e-03 9.544011082036937184e-06 7.895375127232298531e-05 5.397415038159683771e-04 -6.970430353756282629e-04 -7.708302485615007725e-06 1.305246184948487465e-05 3.006016627449458004e-05 2.358177840278232232e-04 1.178126259011303083e-07 1.167028711777565100e-06 1.081523799793352930e-05 -1.172310591940825338e-05 -3.473174371441735837e-05 -1.049481487689665456e-03 -1.728755700471211855e-03 -1.336215864307744054e-03 3.229239158225985821e-05
-2.981189330047667691e-05 -2.398531561986534637e-06 6.172129115338097086e-04 1.001434157542692328e-08 2.706821278656518262e-06 -5.720523565895204078e-06 -1.252942136464273691e-05 -5.169186033343813257e-06 2.467709739147285443e-06 -5.074653404850918124e-07 1.178126259011303083e-07 8.098489293071921551e-05 2.098489728343485689e-07 -1.385578934038190116e-07 1.878016341681461239e-09 4.132136181726613370e-04 -3.445343335069014218e-04 -1.478709154556487380e-04 -5.272750663889177422e-05 -8.640468205944221798e-05
1.030319917565493718e-04 4.924927964215018746e-06 1.216504572158249144e-03 -7.848937328320588021e-07 -1.211003920666629752e-05 -7.225900312122647659e-05 1.157746169678363473e-05 4.444385169437794961e-06 -1.026899847664427638e-05 2.063499158320609102e-06 1.167028711777565311e-06 2.098489728343485689e-07 6.261112475050234169e-05 3.044794994066273975e-07 4.881191467759916902e-07 1.006627651384524942e-04 -3.291207191707635837e-05 -2.554401084029007583e-05 9.175942159291517396e-05 3.666695284467226573e-06
1.364223133773747016e-05 4.639692319218115648e-06 1.071792385431486437e-03 -1.321935499519961255e-06 -9.364401234469720109e-06 -5.259007425455977003e-07 1.811807414576566892e-04 -1.665361888088131023e-06 4.872746306680656196e-06 -6.827274730197259012e-06 1.081523799793352930e-05 -1.385578934038189322e-07 3.044794994066272916e-07 6.060895973437338747e-05 2.852523400965855974e-06 -5.179203312310312656e-04 3.094239488529680615e-04 3.029558412400087399e-04 9.925897155073536084e-05 4.046564231734296301e-05
-3.683782625559449105e-04 -3.650140321291883365e-06 -2.103994698339754169e-03 2.351879077224477814e-06 2.401321088018515249e-05 1.697058603137732399e-04 -1.452427703176438901e-04 -7.703689394542270542e-08 3.037145290297687052e-06 5.519695040324633497e-06 -1.172310591940825338e-05 1.878016341681430634e-09 4.881191467759916902e-07 2.852523400965855974e-06 6.059440876206778279e-05 1.500109888723823170e-04 -2.192609568546325538e-05 -4.582910197167259126e-04 -5.021337230406972999e-05 -4.432972268597622764e-06
-1.353713309529936126e-01 -5.500999208328330621e-03 -1.177943157549070863e+00 1.389393461596750675e-03 1.642959617698629485e-02 -6.848598739904781553e-03 -7.727771232664031043e-02 5.333179441124531392e-03 5.137627120996002793e-04 -1.663139286968718213e-03 -3.473174371441731093e-05 4.132136181726613370e-04 1.006627651384524942e-04 -5.179203312310314824e-04 1.500109888723823170e-04 1.007182228328576956e+00 -5.984137602136304634e-01 -1.326769254441680479e+00 -3.548817507583820752e-02 -9.730268950889592316e-02
8.856215973681208498e-02 6.849087921929804430e-03 1.604382225828348218e+00 -2.294201531377366640e-03 -1.652450123173251559e-02 4.495587832035832093e-02 1.610622341892868972e-02 -6.669390029103068780e-03 -1.175222245114539715e-06 1.937287628895049962e-03 -1.049481487689665456e-03 -3.445343335069013676e-04 -3.291207191707636514e-05 3.094239488529680615e-04 -2.192609568546330281e-05 -5.984137602136304634e-01 5.831280044911194338e+00 1.317171205452447147e+00 9.388509279436399457e-02 1.714105387830962834e-01
2.457403013078161003e-01 1.301998787419614625e-02 2.924650966583610234e+00 -1.127229707716995676e-03 -2.113701274809769940e-03 1.674155598710904136e-01 5.643949670153199927e-01 -1.377246967672641174e-03 -2.968040698179001181e-04 3.634259376477742679e-04 -1.728755700471212289e-03 -1.478709154556487380e-04 -2.554401084029005888e-05 3.029558412400086857e-04 -4.582910197167259126e-04 -1.326769254441680479e+00 1.317171205452447147e+00 5.264986287997774461e+00 -5.046968691569191368e-01 1.967509053270551644e-01
3.161207272400601981e-02 4.319814797837285983e-04 -7.362065428454592775e-01 -1.370917943022348991e-04 -6.685697379929249513e-03 2.319091045733729164e-02 -9.586284062219255220e-02 -9.226234240956850217e-04 8.044215090731000146e-04 1.150391841140421378e-03 -1.336215864307744054e-03 -5.272750663889177422e-05 9.175942159291517396e-05 9.925897155073536084e-05 -5.021337230406974355e-05 -3.548817507583820752e-02 9.388509279436399457e-02 -5.046968691569191368e-01 2.680812539443790055e+00 4.483824276172864061e-03
9.457145406962770909e-03 1.142993158891371114e-03 1.955715611334852277e-01 -2.020189204067154593e-04 -2.652082532352361029e-03 -2.083090016521568517e-03 -3.251072593390245610e-03 -7.479055632666504333e-04 -2.715536042837976495e-04 2.090509229055922122e-04 3.229239158225986499e-05 -8.640468205944223153e-05 3.666695284467221491e-06 4.046564231734296301e-05 -4.432972268597627846e-06 -9.730268950889593704e-02 1.714105387830962834e-01 1.967509053270551922e-01 4.483824276172862326e-03 3.260751620362830061e-01
